66871
3872342062
2023-08-20
464.6985778808594
66871
1238748927563926
2023-08-20
464.6985778808594
66871
2528570737
2023-08-20
464.6985778808594
35437
0123203855
2023-08-20
147.914306640625
35437
2416787277
2023-08-30
147.28395080566406
35437
3523052571
2023-08-20
143.91983032226562
35437
8325481422
2023-08-20
143.91983032226562
35437
0205617476
2023-08-20
149.60496520996094
35437
7366780447
2023-08-30
147.28395080566406
35437
2868075670
2023-08-20
143.91983032226562
35437
3462507012
2023-08-20
145.40257263183594
35437
7464271781
2023-08-30
147.28395080566406
